0 0.38709 0.32629 0.64524 0.012882 -0.11051 1.1922 0.37298 0.12726 0.43991 0.086266 0.0039535 -0.049873 0.81426 -0.33466 0.17671 -0.18838 -0.11255 0.18719 -0.50361 0.74282 0.33397 -0.19284 -0.29303 -0.4946 0.15614 -0.085108 -0.024602 -0.38991 0.229 0.25051 0.10483 1.1478 0.11177 -0.43257 0.4302 0.046693 -0.75141 0.31403 0.69889 0.12507 -0.42615 0.12931 0.82835 -0.34128 -0.20273 0.19026 -0.14324 -0.65663 -0.6439 -0.90877 0.55001 -0.37747 0.76323 1.0133 -0.27997 -1.7108 0.1313 -0.2171 1.8132 0.3366 0.16273 0.8153 -0.28179 -0.21643 0.74052 0.084269 0.66184 -0.0031966 0.18784 -0.3492 -0.24641 -0.46574 0.3723 0.04385 0.77506 0.33063 -0.028808 -0.99085 -0.46202 -0.42157 0.047822 0.49535 -0.37944 -0.2011 -1.4283 -0.15271 -0.076777 -0.012325 0.43586 -0.7463 0.012488 -0.25573 0.90663 -0.51368 -0.089606 0.73947 0.091494 -0.8935 0.26669 -0.61397
1 0.54217 -0.05124 -0.45694 -0.38304 0.76744 0.13192 -0.063976 1.2326 0.14523 -0.043504 -0.021684 -0.33369 0.1646 -0.58794 0.18938 0.64579 0.82866 0.09491 -0.41431 -0.45651 0.86653 0.22941 0.14539 -0.53921 0.59669 0.13401 -0.98379 -0.39303 0.18019 -0.2709 -0.91332 0.32942 -0.14647 -0.26151 0.51716 0.64256 -0.1665 0.11611 0.75729 0.45073 0.51363 0.35352 0.76265 -0.69365 -0.49295 0.3219 0.35335 -0.39146 0.10336 -0.22413 -0.871 0.22063 -0.49509 0.69746 0.72511 -0.77549 -0.30182 1.2647 1.4695 0.18988 0.3742 0.27359 0.4371 0.78787 -0.1263 0.32172 -0.35766 -0.78586 0.33553 -0.1661 -0.72808 -0.16378 0.83671 0.0023205 0.32254 -0.2352 1.5485 0.064839 -0.4897 -1.0458 0.1637 0.55555 0.040819 0.29733 -0.0073817 0.04771 -0.57215 -0.16822 -0.63049 0.13459 -0.11261 -0.30425 0.39632 -0.43561 0.05167 -0.29262 -0.12578 -0.12509 1.3863 -0.58022
2 -0.1684 -0.53827 0.31155 -0.53218 0.26678 -0.13638 0.36621 0.68383 0.77726 0.68049 0.69137 0.2103 0.091065 0.24845 -0.16157 0.46291 -0.1503 0.2562 -0.1199 0.5913 1.0351 -0.2052 0.30244 -0.34101 0.6326 -0.31603 -0.9959 -0.33583 0.25161 0.10323 0.019611 0.54893 -0.33433 0.29617 0.41218 0.4207 0.25775 0.12709 0.80269 0.61944 0.54316 -0.5941 0.87551 -0.063686 -0.29117 0.61609 0.33376 0.14488 -0.039021 -1.1849 -0.45951 0.15631 -0.50818 1.2357 0.30965 -1.958 -1.1872 1.2027 2.1138 0.083629 0.54319 0.78883 0.35416 0.87736 0.54007 -0.10454 0.075371 -0.45727 -0.27466 0.11838 -0.49412 -0.61325 0.071519 -0.57665 0.21371 0.62137 1.4404 -0.34033 -0.89958 -0.69605 0.74058 0.52105 -0.19224 -0.20366 -0.22409 -0.3708 -0.34663 -0.86018 -0.89182 -0.43871 0.19424 0.17073 0.43663 -0.11295 -0.51156 0.34186 -0.10274 0.39684 1.734 -0.70787
3 0.64287 -0.49375 0.12545 -0.37911 0.011446 0.18042 0.33649 0.90272 0.10091 0.11301 0.12516 -0.090322 0.51694 -0.11741 -0.84411 1.0002 0.64228 0.16088 0.020382 -0.11039 1.5681 -0.78223 0.15042 0.0044719 0.5201 0.0092977 -0.86551 -0.60292 0.31435 -0.2209 -0.8481 -0.14292 -0.53626 -0.085599 0.35877 0.36932 0.08234 0.32567 0.6017 0.86481 0.42432 0.52331 0.91032 -0.20254 -0.1617 -0.046871 0.6283 0.11655 0.23891 -0.69907 -1.0854 0.16108 -0.42053 0.39245 0.46643 -0.64627 -0.91934 1.5103 1.2423 0.65115 0.56716 0.83529 0.093448 1.117 -0.0071043 0.26693 -0.13046 -0.58641 0.31814 0.54261 -0.54636 -0.30662 -0.010179 -0.1817 -0.26132 0.30228 1.1928 -0.17218 -0.66519 -0.62773 0.29446 0.26278 0.1449 -0.11253 0.19706 -0.12193 -0.6601 -0.45464 -0.5473 -0.16219 0.086547 -0.85536 0.37649 -0.1046 0.26604 0.1292 -0.22455 0.29415 1.5822 -0.79191
4 -0.16905 0.27387 0.56794 0.0019879 -0.12258 -0.47564 0.53575 0.053408 0.33973 0.39381 0.53866 -0.079248 0.21101 0.39848 -0.24034 -0.21135 0.24204 0.755 0.87943 0.0076776 0.22761 0.13173 0.24464 -0.79466 0.53546 -0.13146 -1.0728 0.33607 0.14914 -0.18328 -0.27835 0.22114 -0.0086374 0.71159 -0.37257 0.92297 0.6715 0.46155 1.0223 0.033371 -0.42123 -0.25116 0.23897 0.29825 0.19633 0.47368 0.11481 -0.24439 -0.45919 -0.27042 -0.31669 0.57177 -0.29423 0.81875 0.44011 -0.77701 0.080021 0.84484 2.2236 0.29603 0.26407 0.89465 0.33492 0.46542 -0.42811 -0.32176 0.066258 -0.10479 -0.73056 0.38247 -0.64507 -1.0068 0.095788 -0.22178 0.37206 0.1436 0.54153 -0.037319 -0.8034 0.49769 -0.4854 0.096025 0.17554 0.22751 -0.63573 -0.76998 0.68933 -0.67634 -0.84612 -0.188 0.28685 0.020765 0.41986 -0.037801 0.063915 0.41061 -0.19975 0.010633 0.56534 -0.96648
5 -0.20323 0.041369 -0.36598 -0.37546 0.59331 0.2903 0.046298 1.4742 0.52855 0.24499 -0.015176 0.16253 0.71683 0.75993 0.58578 -0.2997 0.18856 0.095596 -0.43131 0.66131 0.86501 -0.23049 0.12347 -0.38235 0.016061 -0.44694 -0.47025 0.42341 0.31893 0.22761 -0.29406 1.159 -0.19973 0.23707 0.022804 0.16174 -0.00019957 0.042501 1.1165 0.42813 -0.0031305 -0.63429 0.6491 -0.017384 0.49665 0.87573 0.532 0.2579 0.14855 0.43443 -0.3572 0.39818 -0.28177 1.0724 0.22488 -1.6482 -0.57221 0.9223 2.2845 0.077406 -0.13894 -0.020511 0.37963 0.24238 -0.30547 0.59171 -0.25022 -0.3563 -0.27123 0.33366 -0.99405 -0.84846 0.67778 -0.6701 0.28208 0.268 1.5457 0.30612 -0.5422 -0.88118 0.12879 0.011205 -0.08595 0.10763 -0.70267 -0.19996 -0.69035 -0.69173 -0.7314 0.47101 0.77784 0.35304 -0.31572 -0.15892 -0.80651 0.19087 0.492 0.73771 0.95693 -0.16612
6
7
8
9
10
11
12
13
14
15
16
17
18
19
20
21
22
23
24
25
26
27
28
29
30
31
32
33
34
35
36
37
38
39
40
41
42
43
44
45
46
47
48
49
50
51
52
53
54
55
56
57
58
59
60
61
62
63
64
65
66
67
68
69
70
71
72
73
74
75
76
77
78
79
80
81
82
83
84
85
86
87
88
89
90
91
92
93
94
95
96
97
98
99
100
101
102
103
104
105
106
107
108
109
110
111
112
113
114
115
116
117
118
119
120
121
122
123
124
125
126
127
128
129
130
131
132
133
134
135
136
137
138
139
140
141
142
143
144
145
146
147
148
149
150
151
152
153
154
155
156
157
158
159
160
161
162
163
164
165
166
167
168
169
170
171
172
173
174
175
176
177
178
179
180
181
255
